,variable,COM,ED_SING,EQUIP,IND,OCIO,OFI,RES_PLU,RES_UNI,SIN_EDIF
0,Albacete_class.shp,0.3095383357822535,4.775117102220224,8.359747718382549,19.95410032979936,0.4861368275773074,0.3849725251271286,11.678160903055028,23.60864094777544,30.443585310280696
1,Alcala_class.shp,1.056989999484361,7.641038165672298,13.084974076415618,28.392631300422597,0.5587142654798124,1.2870490202031022,9.497243308807848,6.346373609425599,32.13498625408877
2,Alcobendas_class.shp,0.4004359237777506,5.448710824495081,8.27868909594103,6.532552288317215,0.2190844537273036,2.453740737211086,7.263753296542376,20.76406505679612,48.63896832319203
3,Alcorcon_class.shp,1.2123141717999613,4.340486426890234,21.053763486769512,15.822040686126948,0.2337596882187609,0.2179017777559063,15.072740511480603,5.279852596232151,36.76714065472592
4,Algeciras.shp,0.5808654510883788,1.0307830086034628,6.748392000321672,7.303642363022081,0.4346292597894791,0.1785420667684019,5.3978941678998416,28.60928873465766,49.71596294784901
5,Alicante_class.shp,0.7840165539756784,2.0639839352253624,7.891989140029668,11.948014206582236,1.606124205315716,0.2849157917568521,17.210383774729298,25.90231376560916,32.30825862677602
6,Almeria_class.shp,0.7437849649252994,3.990144484128846,13.395881412670205,5.789273181666274,0.6924029328857315,0.5148022567707988,15.72174586463872,21.244520376912035,37.9074445254021
7,Avila_class.shp,0.191024376180761,0.6755180919286127,29.369607066114103,8.407848535731118,0.1317878047719938,0.4481252633278721,8.231969098580018,15.159076856878674,37.385042906486845
8,Badajoz_class.shp,0.8914768716193181,1.2929157666231823,8.14657481764113,6.061094006304489,0.1737616255872836,0.2857098548789066,7.408577508568685,45.58546885965869,30.15442068911833
9,Badalona_class.shp,0.9574679292182342,6.537693388017994,12.45607685698693,18.3052201420592,0.1972317065400757,0.3578876076387135,23.74997699035372,14.26550781331384,23.172937565871283
10,Barcelona_class.shp,1.1992836255989334,3.190412203488915,12.545157285351216,9.955025181913072,1.4347045620488743,1.8657408872263892,30.906325090160287,7.481314438394307,31.422036725818003
11,Burgos_class.shp,0.4730085574683871,4.93599576548627,8.608622024660885,31.262939217836145,0.1837628885389841,0.0816720697533189,8.870313550668287,5.345947163277562,40.23773876231015
12,Caceres_class.shp,0.2773358173931864,3.581273400577168,12.903710210605364,17.529913793167832,0.8957778757774792,0.258286209955248,10.24351596599178,18.13793402726683,36.17225269926512
13,Cadiz_class.shp,0.7418325462001781,7.077958913622504,12.336630621227588,16.119181840009787,1.137755527618128,0.9083807533345322,31.242100522351368,1.3585370746758256,29.07762220096009
14,Cartagena_class.shp,0.7654932297622526,2.296661074548963,7.453819619086861,10.88803335509064,0.6297455057643834,0.0721722474465481,8.32174123323223,21.74144938321603,47.83088435185209
15,Castello_de_la_Plana_class.shp,0.8018201399561075,6.649407673233415,8.011982053969263,13.010149235646551,0.4577857237153925,0.0863019461488093,13.303303151223467,12.51010276619314,45.16914730991387
16,Ceuta_class.shp,0.5320873483105664,12.086248819430104,7.2978681020504,11.349447132655827,1.2391078599382543,0.3618410089587467,11.13067453314328,16.545163198932542,39.457561996580274
17,Ciudad_Real_class.shp,0.3986437283727404,2.1233274543755623,20.114111891562203,7.355102145606927,0.4703850083033971,0.9010837769204882,16.886938046259637,16.539549026621494,35.210858921977554
18,Cordoba_class.shp,0.4192035590694687,2.787730498071465,6.945107377885036,15.407598905238482,0.7647335560877261,0.2307394452164845,9.340215931307313,40.997086658892265,23.107584068231763
19,Corunia_class.shp,0.6073031145331688,3.928634139048796,13.911112440590054,12.932006464838802,0.5101447407104079,0.4724612159028223,14.935831531827535,10.978886497844345,41.72361985470406
20,Cuenca_class.shp,0.7775900910162585,5.257041959252693,7.974369643802023,13.971143905926327,0.2960652512013654,0.469442615341145,12.973963315745609,10.102107114067245,48.17827610364734
21,Elche_class.shp,1.6327350952894872,1.1295469226203017,8.518936684229182,14.051860035793409,0.6272040620616427,0.1121162158963898,11.32574399662658,34.072733924518175,28.52912306296482
22,Fuenlabrada_class.shp,1.576371498700679,3.1035630452250165,16.34000250925628,35.480922871191304,0.8668791813239599,0.1545035281774755,11.430145315007138,4.580074477245951,26.467537573872203
23,Getafe.shp,0.922580320166476,5.944779957223111,9.69623979500421,28.322847346367432,0.2725689230482974,0.1775147902367936,10.035392676931512,10.909260751354791,33.718815439667374
24,Gijon_class.shp,0.3904262221749698,1.4723450498133608,9.243733453596835,25.004018818319647,0.3523997099994965,0.2889302029290245,12.19986224300361,16.587833863396533,34.460450436766536
25,Girona_class.shp,1.5526263845374535,2.7773296294107266,18.483559061776614,12.6666915804598,0.7171786435728748,0.4205472940729738,17.504180884917943,24.71722570067725,21.16066082057435
26,Granada_class.shp,0.7867488235468225,5.630501478126493,20.62302287843662,10.425333560953616,0.9366971455016704,0.6568407697417361,21.870430492335668,14.141594882008013,24.92882996934936
27,Guadalajara_class.shp,0.788623719091343,2.7740026352321734,8.852414620644513,17.699992535542112,1.190103527352413,0.3208576417887243,10.13440304572311,11.737312507257665,46.50228976736796
28,Hospitalet_de_Llobregat_class.shp,0.8499438091640401,2.077992309126792,17.539149246847987,31.95681630007404,0.3355201347000862,0.6848592204531707,27.308389272489546,3.5866816057162465,15.660648101428077
29,Huelva_class.shp,0.7964732098547737,4.4390029873451855,15.048471842980426,11.107558692615314,0.4193268065125428,0.2169619431459362,11.292462672011336,5.26117746155379,51.41856438398069
30,Huesca_class.shp,0.8664361982240669,4.857702027511592,8.669733167888667,25.681244374568283,0.1861761379659009,0.4493897328541336,12.862174015937985,5.089370355984216,41.33777398906517
31,Jaen_class.shp,0.7688509571089758,5.593813554947599,14.369052479131792,14.759667368249238,0.3393351859956646,0.3432829149203635,13.464408603185005,15.028548929080596,35.33304000738077
32,Jerez_de_la_Frontera_class.shp,0.6878172070540393,10.13919995052224,8.911838490110211,16.869935927247877,0.5967115699829855,0.3939601685840333,8.690956769776758,26.65627975591901,27.05330016080285
33,Las_Palmas_Gran_Canaria_class.shp,1.3921374240603048,4.040704584481177,10.426952809226556,7.142159257530217,0.3449802436148774,0.5792318027882778,18.033225225247087,17.665816594304353,40.37479205874716
34,Leganes.shp,0.3166604014682941,11.373995366789377,9.641162906911145,14.803152783783318,0.2881420695950819,0.2735575903567872,8.673626649146767,3.7441906184978753,50.88551161345136
35,Leon_class.shp,1.536103836810647,2.3272738700841056,16.915373509413712,19.948320302776796,0.4304525010389257,0.8385253986698739,18.35202721397218,8.800594440124296,30.851328927109478
36,Lleida_class.shp,0.3930203209107683,5.096789607678187,11.709313533952535,23.17027079809792,0.1915832989665014,0.4086002780663662,15.226289639069304,9.82564189763158,33.97849062562683
37,Logronio_class.shp,0.896323082879414,9.454684056982536,12.137997970882914,27.366314621145555,0.1957430159832411,0.1388280586835682,24.914280706997157,3.5993311282804656,21.296497358165134
38,Lugo_class.shp,1.2371009747479196,5.381047847452613,9.198398228146427,12.08702320700427,0.4249019096242605,0.4075496555432231,19.46369301348918,9.847467182248687,41.952817981743415
39,Madrid_class.shp,0.5301282555322999,5.122786748227702,13.891231163214094,5.699978306175432,0.6352331430542674,2.141166835001394,33.11847730250916,9.289530358969444,29.571467887316217
40,Malaga_class.shp,4.366035780664235,0.1192847336807439,17.19439897988545,6.419821838980811,0.8159370385613657,4.041965364802145,14.19281386551529,26.800570775066117,26.049171622843843
41,Marbella_class.shp,0.370369844469344,0.5861503185359923,11.65021907963251,3.061722657322313,1.585354835809421,0.1160395176955191,12.478924751988089,29.68149688010822,40.46972211443859
42,Mataro_clas.shp,0.739202698958174,2.861053838347462,12.305588761254429,13.64021349589424,4.3473895524577095,0.3327119506925938,18.935041679796665,18.06463376249548,28.774164260103248
43,Melilla_class.shp,0.701533709327426,19.482011516531266,9.877196292218947,9.688141594250151,0.375263608744781,0.1540540303226625,12.966970731367706,15.74527298969669,31.009555527540368
44,Mostoles_class.shp,0.4971615756804176,6.841903243901726,17.916723782022423,19.925773420563257,0.3663226019130933,0.7923091277420984,15.214411734086053,12.795375393371655,25.65001912071927
45,Murcia_class.shp,0.4963155278162696,2.228139813633987,4.969976702414472,8.510922179543357,0.2088125412856854,0.3229706553025572,9.340993978185391,18.676793199385717,55.24507540243256
46,Ourense_class.shp,0.1433487022520871,1.35272806155619,5.467567891154599,7.178337186567978,0.0980038548988383,0.1711386118168346,9.447169315328342,31.162261826652287,44.97944454977284
47,Oviedo_class.shp,0.3200613837370529,1.1331795724390328,14.454606952378896,13.109813069371263,0.2643592045992116,0.3249334536323569,23.861749615110316,9.657266924691772,36.8740298240401
48,Palencia_class.shp,0.8297160965310472,3.119009650676401,15.349079499455954,28.21837335778137,0.1586027051047768,0.1629218320903065,14.011419826359557,13.997198495887025,24.153678536113564
49,Palma_class.shp,0.5617933003142634,3.780208868158111,9.695865975790609,8.284305201862663,1.83353428955474,0.4939279002944478,16.192337360507697,19.71719181143237,39.440835292085104
50,Parla_clas.shp,1.229582923472202,2.8047019975180483,10.045347176983666,16.987268849671874,0.1990954385845674,1.0487513406767712,12.792160056817616,7.571800445559456,47.3212917707158
51,Pontevedra_class.shp,0.4004131059738252,0.8754745475565645,8.240478319845554,13.96937817947752,0.6338538711625081,0.2517810758746545,11.89354957709655,22.51374439468239,41.221326928330434
52,Sabadell.shp,0.9311141629825896,1.6825268608171449,13.304533934220249,15.76377589928608,0.7271381242313792,0.4004643226332091,18.02474496840889,16.047760896887453,33.11794083053301
53,Salamanca_class.shp,0.5090526527934527,4.694097931237585,19.564523052750676,17.454534278829485,0.7457830940378812,0.2816903101404958,18.923430715127417,4.708274855872611,33.1186131092104
54,San_Cristobal_de_la_Laguna_class.shp,0.6090294641731173,2.571778490705752,7.658526568399217,10.231334281160672,0.3513266929759517,0.1599968083156992,12.370520573767136,31.840560734557577,34.20692638594488
55,Santa_Coloma.shp,2.1636801639046697,1.932516317590288,22.681834724665105,7.336594046837011,0.2789540395949731,0.2467463233922162,38.26801474426173,15.76418167625796,11.32747796349605
56,Santa_Cruz_Tenerife_class.shp,0.4172245349947197,1.676589422281984,8.191863271923543,10.76996053727818,0.2331734939172445,0.3412085455203399,18.20747082445452,16.584969734049444,43.57753963558004
57,Santander_class.shp,0.5258957680972091,4.70251849961743,12.954680987370686,12.101984696678649,0.5749355699011687,0.475891066573788,21.5479797103704,15.238070372797004,31.878043328593662
58,Segovia_class.shp,0.4261642271592516,11.402909015745784,10.52466287219487,15.612535278800571,1.4981897282215155,0.1132645628998945,17.313785932812753,10.873882540203224,32.234605841962136
59,Sevilla_class.shp,1.421020054803578,8.477872682505861,13.699583338862098,8.556049434414444,1.272294248844589,1.5401327091670292,27.25756772535865,18.103847007135137,19.671632798908607
60,Soria_class.shp,0.5764190911545393,1.7816549325681323,9.195771449467902,21.39024802336869,0.3803521242232263,0.5343163758752715,13.294225819309496,9.227326605250845,43.61968557878189
61,Tarragona_class.shp,0.3833900987612492,6.726364488402287,8.589171002191334,12.917286712902945,0.6418095988249812,1.3602321806734243,8.684604722282689,15.922272090150663,44.77486910581042
62,Terrasa_clas.shp,1.4082866586776632,2.9493239076068574,6.471150519668798,17.820344466821812,0.3018375869366073,0.2898858222546145,15.559825442661316,20.819872190117216,34.3794734052551
63,Teruel_class.shp,0.3564339533258585,1.9406503245692583,8.184502070357075,23.07602098856759,0.6117961591365345,0.0695437167631812,8.195650776361804,15.786789542877802,41.778612468040905
64,Toledo_class.shp,0.1912895017726013,10.147517597376073,10.42009627710485,9.377424158988434,1.0350637516764758,0.3928584196443514,5.405087140370793,23.896807906662467,39.13385524640395
65,Torrejon_clas.shp,0.2504793257558296,60.143145272378426,4.08604331162859,9.798954619885691,0.1958294762127968,0.1879240678544731,6.341983159004353,2.4726085760414547,16.52303219123837
66,Valencia_class.shp,1.5806051435662405,3.301948433141232,13.827181359524,10.08703537735278,0.5928661546911711,0.5554299181059539,30.61758119380852,5.876533270026327,33.56081914978379
67,Valladolid_class.shp,0.4047415614025385,4.732782985140397,14.76653749289171,25.967144836660665,0.5830889373270571,0.3354367739956482,14.565101027084031,11.628702387797532,27.016463997700424
68,Vigo_class.shp,0.2761474346659204,2.100288528008082,9.747733224541316,13.287335328400404,0.3590528302685034,0.2601977460984233,7.613302591781099,30.74277984881881,35.613162467417446
69,Zamora_class.shp,0.7500988375697947,2.9703844089731137,16.308513609520464,18.74526271355432,0.2852956010841484,0.1339403388454432,14.450202541531572,13.501301606785905,32.85500034213521
70,Zaragoza_class.shp,0.4775949717545628,4.5046861559788685,8.802102127578769,24.930493788981845,0.1919526830185357,0.1720987536253076,14.7595463133371,9.01555696212575,37.14596824359927
71,doshermanas_class.shp,0.6049269239781272,3.224789855387423,10.522283614372048,15.723129561972293,0.1676441480811832,0.1254058860470941,3.984063294406133,24.968864426753527,40.67889228900218
