,variable,COM,ED_SING,EQUIP,IND,OCIO,OFI,RES_PLU,RES_UNI
0,Avila.shp,0.473220582,7.168614595,24.10689063,16.73265346,1.775391427,0.24729183,19.54842686,29.94751061
1,Madrid.shp,0.786506149,13.96393448,27.12639268,13.70369557,0.909222196,3.08618411,30.89636255,9.527702268
2,Malaga.shp,1.864574895,5.110216948,18.10596646,18.32285617,1.004683791,1.346577432,21.18167968,33.06344462
3,Murcia.shp,1.037802889,7.476055071,13.77790411,22.31853906,0.541381515,0.346356319,16.53097129,37.97098974
4,Sevilla.shp,1.465233613,14.4821703,21.98988141,23.33898421,1.35333236,1.202196674,23.91609028,12.25211116
0,Albacete_class.shp,0.44501767,6.865099536,12.01865817,28.68764933,0.698910129,0.55346804,16.78948082,33.94171631
1,Alcala_class.shp,1.557488817,11.25917132,19.28088326,41.83691969,0.823272898,1.896483842,13.99431428,9.351465887
2,Alcobendas_class.shp,0.7796493,10.60864754,16.11861917,12.71888838,0.426557736,4.777436623,14.14253776,40.4276635
3,Alcorcon_class.shp,1.917221812,6.864289345,33.29560565,25.02186498,0.369680718,0.344602126,23.83687954,8.349855836
4,Algeciras.shp,1.155168688,2.049920947,13.42054536,14.52477325,0.86434838,0.355067089,10.73480668,56.89536961
5,Alicante_class.shp,1.158215963,3.049092686,11.65871786,17.6506232,2.372703335,0.42090185,25.42464328,38.26510183
6,Almeria_class.shp,1.19786496,6.426123798,21.57405394,9.32361881,1.115114248,0.829088532,25.31985637,34.21427934
8,Badajoz_class.shp,1.276354038,1.851106082,11.66369425,8.677849144,0.248779704,0.409059324,10.60708148,65.26607598
9,Badalona_class.shp,1.24626388,8.509623017,16.21313696,23.82652618,0.256721655,0.46583534,30.91355603,18.56833694
10,Barcelona_class.shp,1.748788632,4.652241115,18.29327773,14.51636168,2.092078116,2.720612859,45.06742927,10.9092106
11,Burgos_class.shp,0.791483702,8.259385879,14.40477962,52.3121759,0.307489852,0.136661612,14.84266721,8.945356237
12,Caceres_class.shp,0.434506667,5.610840978,20.21645876,27.46440934,1.403430191,0.404661328,16.04868791,28.41700482
13,Cadiz_class.shp,1.045978109,9.97986691,17.39455304,22.72792078,1.604226427,1.280809783,44.05111827,1.915526688
14,Cartagena_class.shp,1.467330278,4.402338522,14.28780137,20.87064966,1.207123214,0.138342862,15.95147077,41.67494333
15,Castello_de_la_Plana_class.shp,1.462352126,12.12712797,14.61217847,23.72778937,0.834905352,0.157396688,24.26244076,22.81580926
16,Ceuta_class.shp,0.878866735,19.96326745,12.05413647,18.74626709,2.046676515,0.597665077,18.38491296,27.32820769
17,Ciudad_Real_class.shp,0.615294047,3.277289094,31.04549861,11.35236866,0.726024455,1.390794448,26.06445735,25.52827334
18,Cordoba_class.shp,0.545181932,3.625494744,9.032239778,20.03786553,0.994550043,0.300080889,12.14712247,53.31746462
19,Corunia_class.shp,1.042108506,6.741383266,23.87092748,22.19081973,0.875388518,0.810725057,25.62930555,18.83934189
20,Cuenca_class.shp,1.500509888,10.14447526,15.38808253,26.96001378,0.571314941,0.905879967,25.03576172,19.4939619
21,Elche_class.shp,2.28447609,1.580429639,11.91945174,19.66095931,0.877565925,0.156869792,15.84665598,47.67359152
22,Fuenlabrada_class.shp,2.143776295,4.22067063,22.22148147,48.25205318,1.178906775,0.210116081,15.54435271,6.228642869
23,Getafe.shp,1.391918878,8.96903095,14.62894766,42.7313536,0.411231219,0.267820787,15.14063568,16.45906123
24,Gijon_class.shp,0.595710872,2.246498579,14.10405399,38.15103855,0.537690162,0.440848625,18.61450426,25.30965497
25,Girona_class.shp,1.969354894,3.52277132,23.44458903,16.06646087,0.909671049,0.53342316,22.20234348,31.3513862
26,Granada_class.shp,1.048003945,7.500218094,27.4712954,13.88726665,1.2477455,0.874957416,29.13292877,18.83758422
27,Guadalajara_class.shp,1.474126118,5.185273581,16.5472776,33.08551424,2.224587785,0.599759579,18.94362021,21.93984089
28,Hospitalet_de_Llobregat_class.shp,1.007766588,2.463846665,20.79592604,37.89075394,0.397821571,0.812028081,32.37917847,4.252678643
29,Huelva_class.shp,1.639460011,9.137241276,30.97576606,22.86379262,0.863142065,0.446594343,23.24439887,10.82960476
30,Huesca_class.shp,1.476991681,8.280800709,14.77907294,43.77816207,0.317369712,0.766063212,21.92581989,8.675719798
31,Jaen_class.shp,1.188939386,8.65018791,22.22008346,22.82412436,0.524742753,0.530847461,20.82115597,23.2399187
32,Jerez_de_la_Frontera_class.shp,0.942903803,13.89946354,12.21691798,23.12638675,0.818010371,0.540065787,11.9141192,36.54213256
33,Palmas.shp,2.334813533,6.776839401,17.48749089,11.97842239,0.5785812,0.971454562,30.24429742,29.6281006
34,Leganes.shp,0.644739285,23.15812653,19.62997727,30.14009363,0.586674277,0.556979416,17.66001629,7.623393303
35,Leon_class.shp,2.221450988,3.365608961,24.46232624,28.84845073,0.622502926,1.212641379,26.53995649,12.72706229
36,Lleida_class.shp,0.59529133,7.719892586,17.73560412,35.09503345,0.290183155,0.618889635,23.06261972,14.88248601
37,Logronio_class.shp,1.138860474,12.01304102,15.42243682,34.77140623,0.248709409,0.176393749,31.65587283,4.57327947
38,Lugo_class.shp,2.131199021,9.270127611,15.8464165,20.82275622,0.731994035,0.702100673,33.53081465,16.96459129
41,Marbella_class.shp,0.62215373,0.984625537,19.57024139,5.143135168,2.663106728,0.194925208,20.96231564,49.8594966
42,Mataro.shp,1.037829449,4.016876473,17.27686117,19.15065419,6.103669416,0.467122565,26.58451317,25.36247357
43,Melilla_class.shp,1.016856341,28.23870996,14.3167599,14.04272964,0.54393563,0.223297634,18.79531409,22.8223968
44,Mostoles_class.shp,0.668677476,9.202293212,24.09781895,26.79997114,0.492700331,1.065648059,20.46323557,17.20965526
46,Ourense_class.shp,0.260536632,2.458586705,9.937318601,13.04664616,0.178122256,0.311044864,17.17025435,56.63749043
47,Oviedo_class.shp,0.507020142,1.795108367,22.89803533,20.76770152,0.418780422,0.514738154,37.80021051,15.29840555
48,Palencia_class.shp,1.093943754,4.112275441,20.23707835,37.20466967,0.20911061,0.214805186,18.47343359,18.4546834
49,Mallorca.shp,0.927676765,6.242174717,16.01056755,13.67968868,3.027674339,0.815612142,26.73804607,32.55855973
50,Parla.shp,2.334117454,5.324166237,19.0690841,32.24693509,0.377942902,1.990844833,24.28335942,14.37354996
51,Pontevedra_class.shp,0.681221751,1.489442517,14.01950383,23.7660659,1.078373903,0.428354474,20.23446423,38.3025734
52,Sabadell.shp,1.392173289,2.515662469,19.89253037,23.5695134,1.087194583,0.598761951,26.95004489,23.99411905
53,Salamanca_class.shp,0.761127537,7.018541555,29.25256781,26.09774571,1.115083177,0.421178931,28.29401661,7.03973867
54,San_Cristobal_de_la_Laguna_class.shp,0.925674134,3.908889416,11.64032344,15.55077719,0.533987354,0.243181842,18.80216244,48.39500419
55,Santa_Coloma.shp,2.440079648,2.179385759,25.5793274,8.273807802,0.314589044,0.278266951,43.15656515,17.77797824
56,Santa_Cruz_Tenerife_class.shp,0.739465334,2.971492933,14.5187984,19.0880732,0.413263605,0.604738863,32.26989874,29.39426893
57,Santander_class.shp,0.771991578,6.903087829,19.01689502,17.76517482,0.843979824,0.698586902,31.63147502,22.368809
58,Segovia_class.shp,0.628881795,16.82703858,15.53102878,23.03909757,2.210847803,0.167142189,25.54959821,16.04636507
60,Soria_class.shp,1.02237651,3.16006562,16.31025216,37.93921379,0.674618665,0.947700241,23.57955247,16.36622055
61,Tarragona_class.shp,0.694231218,12.17989777,15.55301158,23.39023286,1.162169448,2.463067373,15.72582008,28.83156967
62,Terrasa.shp,2.146106915,4.494514233,9.861473011,27.15666178,0.459974344,0.44176089,23.71182654,31.72768228
63,Teruel_class.shp,0.612204498,3.333225824,14.05755242,39.63495541,1.050809995,0.119447027,14.07670123,27.11510359
64,Toledo_class.shp,0.314278985,16.67185861,17.11969161,15.40663401,1.700557438,0.645446531,8.880285029,39.26124778
65,Torrejon.shp,0.300058007,72.04759211,4.894815203,11.73851288,0.234591027,0.22512086,7.597285006,2.962024905
66,Valencia_class.shp,2.379025634,4.969881312,20.81178784,15.18235964,0.892344167,0.835997541,46.08362235,8.844981523
67,Valladolid_class.shp,0.554565569,6.484726891,20.23269672,35.57945567,0.798932155,0.459606087,19.95669411,15.93332281
68,Vigo_class.shp,0.428888023,3.261984294,15.13932598,20.63672613,0.557649427,0.404116363,11.82431516,47.74699461
69,Zamora_class.shp,1.117132834,4.423835616,24.28850055,27.91758554,0.424894784,0.199479246,21.52089153,20.10767991
70,Zaragoza_class.shp,0.759847791,7.166900881,14.00403742,39.66411238,0.305394384,0.273807024,23.48225866,14.34364147
71,doshermanas_class.shp,1.019749879,5.436159202,17.73784075,26.50511794,0.282604548,0.211401794,6.716097268,42.09102862
